sparsegrid_ver3	353	2	7	uniform	not_hierarchized	voigt
1.000000e-02	9.900000e-01	1.000000e-02	9.900000e-01
0	0	0	0	1.003074000000e-02	3.771581000000e-05	0.000000000000e+00	1.003074000000e-02	0.000000000000e+00	6.770638000000e-07	1.990000000000e-02
0	0	0	1	1.492418000000e-01	4.467179000000e-02	0.000000000000e+00	1.003400000000e+00	0.000000000000e+00	7.798107000000e-02	9.901000000000e-01
0	0	1	0	1.003400000000e+00	4.467179000000e-02	0.000000000000e+00	1.492418000000e-01	0.000000000000e+00	7.798107000000e-02	9.901000000000e-01
0	0	1	1	1.098614000000e+00	3.295595000000e-01	0.000000000000e+00	1.098614000000e+00	0.000000000000e+00	3.845054000000e-01	9.999000000000e-01
0	1	0	1	1.821557000000e-02	2.778493000000e-03	0.000000000000e+00	5.004573000000e-01	0.000000000000e+00	9.788799000000e-06	5.050000000000e-01
0	1	1	1	1.062407000000e+00	2.239889000000e-01	0.000000000000e+00	7.408566000000e-01	0.000000000000e+00	3.211838000000e-01	9.950000000000e-01
0	2	0	1	1.272670000000e-02	1.004993000000e-03	0.000000000000e+00	2.551127000000e-01	0.000000000000e+00	3.019230000000e-06	2.624500000000e-01
0	2	0	3	3.239404000000e-02	7.321767000000e-03	0.000000000000e+00	7.466877000000e-01	0.000000000000e+00	6.969585000000e-05	7.475500000000e-01
0	2	1	1	1.036068000000e+00	1.444028000000e-01	0.000000000000e+00	4.760104000000e-01	0.000000000000e+00	2.511105000000e-01	9.925500000000e-01
0	2	1	3	1.086303000000e+00	2.960432000000e-01	0.000000000000e+00	9.830655000000e-01	0.000000000000e+00	3.663142000000e-01	9.974500000000e-01
0	3	0	1	1.110824000000e-02	4.676520000000e-04	0.000000000000e+00	1.325531000000e-01	0.000000000000e+00	1.929538000000e-06	1.411750000000e-01
0	3	0	3	1.496858000000e-02	1.732767000000e-03	0.000000000000e+00	3.777340000000e-01	0.000000000000e+00	5.126085000000e-06	3.837250000000e-01
0	3	0	5	2.330295000000e-02	4.410541000000e-03	0.000000000000e+00	6.233678000000e-01	0.000000000000e+00	2.212265000000e-05	6.262750000000e-01
0	3	0	7	5.322302000000e-02	1.398499000000e-02	0.000000000000e+00	8.712073000000e-01	0.000000000000e+00	4.579770000000e-04	8.688250000000e-01
0	3	1	1	1.022642000000e+00	1.040089000000e-01	0.000000000000e+00	3.427121000000e-01	0.000000000000e+00	2.016314000000e-01	9.913250000000e-01
0	3	1	3	1.049234000000e+00	1.841098000000e-01	0.000000000000e+00	6.078419000000e-01	0.000000000000e+00	2.894739000000e-01	9.937750000000e-01
0	3	1	5	1.075103000000e+00	2.624299000000e-01	0.000000000000e+00	8.696850000000e-01	0.000000000000e+00	3.468870000000e-01	9.962250000000e-01
0	3	1	7	1.094573000000e+00	3.199942000000e-01	0.000000000000e+00	1.064798000000e+00	0.000000000000e+00	3.790033000000e-01	9.986750000000e-01
1	0	1	0	5.004573000000e-01	2.778493000000e-03	0.000000000000e+00	1.821557000000e-02	0.000000000000e+00	9.788799000000e-06	5.050000000000e-01
1	0	1	1	7.408566000000e-01	2.239889000000e-01	0.000000000000e+00	1.062407000000e+00	0.000000000000e+00	3.211838000000e-01	9.950000000000e-01
1	1	1	1	5.606891000000e-01	1.090270000000e-01	0.000000000000e+00	5.606891000000e-01	0.000000000000e+00	1.008487000000e-01	7.500000000000e-01
1	2	1	1	5.192120000000e-01	5.396595000000e-02	0.000000000000e+00	3.007544000000e-01	0.000000000000e+00	3.392689000000e-02	6.275000000000e-01
1	2	1	3	6.335759000000e-01	1.735464000000e-01	0.000000000000e+00	8.321908000000e-01	0.000000000000e+00	1.954961000000e-01	8.725000000000e-01
1	3	1	1	5.074905000000e-01	2.894068000000e-02	0.000000000000e+00	1.713931000000e-01	0.000000000000e+00	9.171587000000e-03	5.662500000000e-01
1	3	1	3	5.364891000000e-01	8.041946000000e-02	0.000000000000e+00	4.293934000000e-01	0.000000000000e+00	6.485910000000e-02	6.887500000000e-01
1	3	1	5	5.929826000000e-01	1.402512000000e-01	0.000000000000e+00	6.953928000000e-01	0.000000000000e+00	1.439331000000e-01	8.112500000000e-01
1	3	1	7	6.818114000000e-01	2.049807000000e-01	0.000000000000e+00	9.629622000000e-01	0.000000000000e+00	2.545085000000e-01	9.337500000000e-01
1	4	1	1	5.034663000000e-01	1.650822000000e-02	0.000000000000e+00	1.021126000000e-01	0.000000000000e+00	2.030052000000e-03	5.356250000000e-01
1	4	1	3	5.127129000000e-01	4.133110000000e-02	0.000000000000e+00	2.366400000000e-01	0.000000000000e+00	2.038474000000e-02	5.968750000000e-01
1	4	1	5	5.270833000000e-01	6.696433000000e-02	0.000000000000e+00	3.648451000000e-01	0.000000000000e+00	4.883836000000e-02	6.581250000000e-01
1	4	1	7	5.476294000000e-01	9.441464000000e-02	0.000000000000e+00	4.946307000000e-01	0.000000000000e+00	8.210510000000e-02	7.193750000000e-01
1	4	1	9	5.757822000000e-01	1.242989000000e-01	0.000000000000e+00	6.276132000000e-01	0.000000000000e+00	1.213720000000e-01	7.806250000000e-01
1	4	1	11	6.122735000000e-01	1.567704000000e-01	0.000000000000e+00	7.637885000000e-01	0.000000000000e+00	1.686541000000e-01	8.418750000000e-01
1	4	1	13	6.567728000000e-01	1.899597000000e-01	0.000000000000e+00	8.993381000000e-01	0.000000000000e+00	2.242319000000e-01	9.031250000000e-01
1	4	1	15	7.090303000000e-01	2.170984000000e-01	0.000000000000e+00	1.019368000000e+00	0.000000000000e+00	2.861521000000e-01	9.643750000000e-01
1	5	1	1	5.018636000000e-01	1.000454000000e-02	0.000000000000e+00	6.354846000000e-02	0.000000000000e+00	4.509307000000e-04	5.203125000000e-01
1	5	1	3	5.053325000000e-01	2.276186000000e-02	0.000000000000e+00	1.375763000000e-01	0.000000000000e+00	4.970473000000e-03	5.509375000000e-01
1	5	1	5	5.099463000000e-01	3.511557000000e-02	0.000000000000e+00	2.042712000000e-01	0.000000000000e+00	1.439166000000e-02	5.815625000000e-01
1	5	1	7	5.157981000000e-01	4.760918000000e-02	0.000000000000e+00	2.687466000000e-01	0.000000000000e+00	2.694481000000e-02	6.121875000000e-01
1	5	1	9	5.229677000000e-01	6.041384000000e-02	0.000000000000e+00	3.327650000000e-01	0.000000000000e+00	4.124025000000e-02	6.428125000000e-01
1	5	1	11	5.315821000000e-01	7.362939000000e-02	0.000000000000e+00	3.970441000000e-01	0.000000000000e+00	5.670843000000e-02	6.734375000000e-01
1	5	1	13	5.418303000000e-01	8.734490000000e-02	0.000000000000e+00	4.619174000000e-01	0.000000000000e+00	7.331418000000e-02	7.040625000000e-01
1	5	1	15	5.539083000000e-01	1.016382000000e-01	0.000000000000e+00	5.275492000000e-01	0.000000000000e+00	9.126926000000e-02	7.346875000000e-01
1	5	1	17	5.679727000000e-01	1.165744000000e-01	0.000000000000e+00	5.940368000000e-01	0.000000000000e+00	1.108671000000e-01	7.653125000000e-01
1	5	1	19	5.841187000000e-01	1.321939000000e-01	0.000000000000e+00	6.614053000000e-01	0.000000000000e+00	1.323871000000e-01	7.959375000000e-01
1	5	1	21	6.023699000000e-01	1.484531000000e-01	0.000000000000e+00	7.295390000000e-01	0.000000000000e+00	1.560212000000e-01	8.265625000000e-01
1	5	1	23	6.226799000000e-01	1.651562000000e-01	0.000000000000e+00	7.980474000000e-01	0.000000000000e+00	1.818194000000e-01	8.571875000000e-01
1	5	1	25	6.449449000000e-01	1.818524000000e-01	0.000000000000e+00	8.660361000000e-01	0.000000000000e+00	2.096485000000e-01	8.878125000000e-01
1	5	1	27	6.690570000000e-01	1.977268000000e-01	0.000000000000e+00	9.317835000000e-01	0.000000000000e+00	2.391999000000e-01	9.184375000000e-01
1	5	1	29	6.950943000000e-01	2.115198000000e-01	0.000000000000e+00	9.923695000000e-01	0.000000000000e+00	2.701440000000e-01	9.490625000000e-01
1	5	1	31	7.239281000000e-01	2.214123000000e-01	0.000000000000e+00	1.043133000000e+00	0.000000000000e+00	3.027792000000e-01	9.796875000000e-01
1	6	1	1	5.011442000000e-01	6.539687000000e-03	0.000000000000e+00	4.216553000000e-02	0.000000000000e+00	1.213346000000e-04	5.126562500000e-01
1	6	1	3	5.026345000000e-01	1.330530000000e-02	0.000000000000e+00	8.336010000000e-02	0.000000000000e+00	1.073935000000e-03	5.279687500000e-01
1	6	1	5	5.043645000000e-01	1.965220000000e-02	0.000000000000e+00	1.201166000000e-01	0.000000000000e+00	3.331469000000e-03	5.432812500000e-01
1	6	1	7	5.063763000000e-01	2.585689000000e-02	0.000000000000e+00	1.546423000000e-01	0.000000000000e+00	6.928491000000e-03	5.585937500000e-01
1	6	1	9	5.086801000000e-01	3.202503000000e-02	0.000000000000e+00	1.879170000000e-01	0.000000000000e+00	1.167011000000e-02	5.739062500000e-01
1	6	1	11	5.112903000000e-01	3.821683000000e-02	0.000000000000e+00	2.205021000000e-01	0.000000000000e+00	1.730599000000e-02	5.892187500000e-01
1	6	1	13	5.142151000000e-01	4.446122000000e-02	0.000000000000e+00	2.527142000000e-01	0.000000000000e+00	2.360438000000e-02	6.045312500000e-01
1	6	1	15	5.174634000000e-01	5.077715000000e-02	0.000000000000e+00	2.847567000000e-01	0.000000000000e+00	3.039021000000e-02	6.198437500000e-01
1	6	1	17	5.210459000000e-01	5.717754000000e-02	0.000000000000e+00	3.167534000000e-01	0.000000000000e+00	3.754570000000e-02	6.351562500000e-01
1	6	1	19	5.249791000000e-01	6.367549000000e-02	0.000000000000e+00	3.487928000000e-01	0.000000000000e+00	4.500514000000e-02	6.504687500000e-01
1	6	1	21	5.292832000000e-01	7.028178000000e-02	0.000000000000e+00	3.809271000000e-01	0.000000000000e+00	5.273918000000e-02	6.657812500000e-01
1	6	1	23	5.339830000000e-01	7.700826000000e-02	0.000000000000e+00	4.131989000000e-01	0.000000000000e+00	6.074761000000e-02	6.810937500000e-01
1	6	1	25	5.391037000000e-01	8.386446000000e-02	0.000000000000e+00	4.456314000000e-01	0.000000000000e+00	6.904648000000e-02	6.964062500000e-01
1	6	1	27	5.446711000000e-01	9.086110000000e-02	0.000000000000e+00	4.782492000000e-01	0.000000000000e+00	7.766535000000e-02	7.117187500000e-01
1	6	1	29	5.507076000000e-01	9.800665000000e-02	0.000000000000e+00	5.110636000000e-01	0.000000000000e+00	8.663814000000e-02	7.270312500000e-01
1	6	1	31	5.572339000000e-01	1.053107000000e-01	0.000000000000e+00	5.440909000000e-01	0.000000000000e+00	9.600387000000e-02	7.423437500000e-01
1	6	1	33	5.642635000000e-01	1.127761000000e-01	0.000000000000e+00	5.773295000000e-01	0.000000000000e+00	1.057966000000e-01	7.576562500000e-01
1	6	1	35	5.718118000000e-01	1.204151000000e-01	0.000000000000e+00	6.107975000000e-01	0.000000000000e+00	1.160574000000e-01	7.729687500000e-01
1	6	1	37	5.798843000000e-01	1.282253000000e-01	0.000000000000e+00	6.444828000000e-01	0.000000000000e+00	1.268142000000e-01	7.882812500000e-01
1	6	1	39	5.884850000000e-01	1.362033000000e-01	0.000000000000e+00	6.783770000000e-01	0.000000000000e+00	1.380930000000e-01	8.035937500000e-01
1	6	1	41	5.976112000000e-01	1.443356000000e-01	0.000000000000e+00	7.124490000000e-01	0.000000000000e+00	1.499090000000e-01	8.189062500000e-01
1	6	1	43	6.072582000000e-01	1.526001000000e-01	0.000000000000e+00	7.466570000000e-01	0.000000000000e+00	1.622705000000e-01	8.342187500000e-01
1	6	1	45	6.174146000000e-01	1.609582000000e-01	0.000000000000e+00	7.809235000000e-01	0.000000000000e+00	1.751713000000e-01	8.495312500000e-01
1	6	1	47	6.280682000000e-01	1.693560000000e-01	0.000000000000e+00	8.151449000000e-01	0.000000000000e+00	1.885963000000e-01	8.648437500000e-01
1	6	1	49	6.392018000000e-01	1.777161000000e-01	0.000000000000e+00	8.491632000000e-01	0.000000000000e+00	2.025149000000e-01	8.801562500000e-01
1	6	1	51	6.508019000000e-01	1.859390000000e-01	0.000000000000e+00	8.827727000000e-01	0.000000000000e+00	2.168892000000e-01	8.954687500000e-01
1	6	1	53	6.628572000000e-01	1.938956000000e-01	0.000000000000e+00	9.156902000000e-01	0.000000000000e+00	2.316704000000e-01	9.107812500000e-01
1	6	1	55	6.753732000000e-01	2.014298000000e-01	0.000000000000e+00	9.475600000000e-01	0.000000000000e+00	2.468135000000e-01	9.260937500000e-01
1	6	1	57	6.883834000000e-01	2.083551000000e-01	0.000000000000e+00	9.779248000000e-01	0.000000000000e+00	2.622864000000e-01	9.414062500000e-01
1	6	1	59	7.019677000000e-01	2.144461000000e-01	0.000000000000e+00	1.006216000000e+00	0.000000000000e+00	2.780937000000e-01	9.567187500000e-01
1	6	1	61	7.163266000000e-01	2.194368000000e-01	0.000000000000e+00	1.031717000000e+00	0.000000000000e+00	2.943565000000e-01	9.720312500000e-01
1	6	1	63	7.319666000000e-01	2.229572000000e-01	0.000000000000e+00	1.053448000000e+00	0.000000000000e+00	3.115757000000e-01	9.873437500000e-01
2	0	1	0	2.551127000000e-01	1.004993000000e-03	0.000000000000e+00	1.272670000000e-02	0.000000000000e+00	3.019230000000e-06	2.624500000000e-01
2	0	1	1	4.760104000000e-01	1.444028000000e-01	0.000000000000e+00	1.036068000000e+00	0.000000000000e+00	2.511105000000e-01	9.925500000000e-01
2	0	3	0	7.466877000000e-01	7.321767000000e-03	0.000000000000e+00	3.239404000000e-02	0.000000000000e+00	6.969585000000e-05	7.475500000000e-01
2	0	3	1	9.830655000000e-01	2.960432000000e-01	0.000000000000e+00	1.086303000000e+00	0.000000000000e+00	3.663142000000e-01	9.974500000000e-01
2	1	1	1	3.007544000000e-01	5.396595000000e-02	0.000000000000e+00	5.192120000000e-01	0.000000000000e+00	3.392689000000e-02	6.275000000000e-01
2	1	3	1	8.321908000000e-01	1.735464000000e-01	0.000000000000e+00	6.335759000000e-01	0.000000000000e+00	1.954961000000e-01	8.725000000000e-01
2	2	1	1	2.673083000000e-01	2.561029000000e-02	0.000000000000e+00	2.673083000000e-01	0.000000000000e+00	1.082726000000e-02	4.449750000000e-01
2	2	1	3	3.649478000000e-01	9.406112000000e-02	0.000000000000e+00	7.788513000000e-01	0.000000000000e+00	9.333141000000e-02	8.100250000000e-01
2	2	3	1	7.788513000000e-01	9.406112000000e-02	0.000000000000e+00	3.649478000000e-01	0.000000000000e+00	9.333141000000e-02	8.100250000000e-01
2	2	3	3	9.017323000000e-01	2.502468000000e-01	0.000000000000e+00	9.017323000000e-01	0.000000000000e+00	2.879240000000e-01	9.349750000000e-01
2	3	1	1	2.588327000000e-01	1.305148000000e-02	0.000000000000e+00	1.430080000000e-01	0.000000000000e+00	3.106644000000e-03	3.537125000000e-01
2	3	1	3	2.810392000000e-01	3.895116000000e-02	0.000000000000e+00	3.925533000000e-01	0.000000000000e+00	2.038393000000e-02	5.362375000000e-01
2	3	1	5	3.279357000000e-01	7.181536000000e-02	0.000000000000e+00	6.476888000000e-01	0.000000000000e+00	5.584220000000e-02	7.187625000000e-01
2	3	1	7	4.142389000000e-01	1.216451000000e-01	0.000000000000e+00	9.132071000000e-01	0.000000000000e+00	1.558954000000e-01	9.012875000000e-01
2	3	3	1	7.610613000000e-01	5.524861000000e-02	0.000000000000e+00	2.265669000000e-01	0.000000000000e+00	3.592447000000e-02	7.787875000000e-01
2	3	3	3	8.028131000000e-01	1.335089000000e-01	0.000000000000e+00	4.984506000000e-01	0.000000000000e+00	1.461697000000e-01	8.412625000000e-01
2	3	3	5	8.655912000000e-01	2.132231000000e-01	0.000000000000e+00	7.699780000000e-01	0.000000000000e+00	2.428310000000e-01	9.037375000000e-01
2	3	3	7	9.397581000000e-01	2.800575000000e-01	0.000000000000e+00	1.015112000000e+00	0.000000000000e+00	3.292247000000e-01	9.662125000000e-01
2	4	1	1	2.564043000000e-01	6.957700000000e-03	0.000000000000e+00	8.021403000000e-02	0.000000000000e+00	6.745109000000e-04	3.080812500000e-01
2	4	1	3	2.624455000000e-01	1.927131000000e-02	0.000000000000e+00	2.051122000000e-01	0.000000000000e+00	6.723559000000e-03	3.993437500000e-01
2	4	1	5	2.734835000000e-01	3.213506000000e-02	0.000000000000e+00	3.297718000000e-01	0.000000000000e+00	1.530527000000e-02	4.906062500000e-01
2	4	1	7	2.900761000000e-01	4.618211000000e-02	0.000000000000e+00	4.556857000000e-01	0.000000000000e+00	2.643268000000e-02	5.818687500000e-01
2	4	1	9	3.132799000000e-01	6.244729000000e-02	0.000000000000e+00	5.831803000000e-01	0.000000000000e+00	4.346567000000e-02	6.731312500000e-01
2	4	1	11	3.450394000000e-01	8.227762000000e-02	0.000000000000e+00	7.128578000000e-01	0.000000000000e+00	7.205900000000e-02	7.643937500000e-01
2	4	1	13	3.879821000000e-01	1.072968000000e-01	0.000000000000e+00	8.457723000000e-01	0.000000000000e+00	1.209451000000e-01	8.556562500000e-01
2	4	1	15	4.434032000000e-01	1.354598000000e-01	0.000000000000e+00	9.789316000000e-01	0.000000000000e+00	1.985280000000e-01	9.469187500000e-01
2	4	3	1	7.539528000000e-01	3.462440000000e-02	0.000000000000e+00	1.469424000000e-01	0.000000000000e+00	1.060271000000e-02	7.631687500000e-01
2	4	3	3	7.692253000000e-01	7.467079000000e-02	0.000000000000e+00	2.972858000000e-01	0.000000000000e+00	6.493856000000e-02	7.944062500000e-01
2	4	3	5	7.900728000000e-01	1.136775000000e-01	0.000000000000e+00	4.316805000000e-01	0.000000000000e+00	1.203461000000e-01	8.256437500000e-01
2	4	3	7	8.169102000000e-01	1.534918000000e-01	0.000000000000e+00	5.657097000000e-01	0.000000000000e+00	1.711316000000e-01	8.568812500000e-01
2	4	3	9	8.484679000000e-01	1.935229000000e-01	0.000000000000e+00	7.018289000000e-01	0.000000000000e+00	2.193834000000e-01	8.881187500000e-01
2	4	3	11	8.833945000000e-01	2.322956000000e-01	0.000000000000e+00	8.370839000000e-01	0.000000000000e+00	2.657376000000e-01	9.193562500000e-01
2	4	3	13	9.205079000000e-01	2.664276000000e-01	0.000000000000e+00	9.619399000000e-01	0.000000000000e+00	3.091614000000e-01	9.505937500000e-01
2	4	3	15	9.598902000000e-01	2.902733000000e-01	0.000000000000e+00	1.058018000000e+00	0.000000000000e+00	3.480073000000e-01	9.818312500000e-01
2	5	1	1	2.556203000000e-01	3.976876000000e-03	0.000000000000e+00	4.768793000000e-02	0.000000000000e+00	1.445255000000e-04	2.852656250000e-01
2	5	1	3	2.574723000000e-01	9.983764000000e-03	0.000000000000e+00	1.118000000000e-01	0.000000000000e+00	1.681553000000e-03	3.308968750000e-01
2	5	1	5	2.604868000000e-01	1.614801000000e-02	0.000000000000e+00	1.740709000000e-01	0.000000000000e+00	4.824697000000e-03	3.765281250000e-01
2	5	1	7	2.647166000000e-01	2.242295000000e-02	0.000000000000e+00	2.361814000000e-01	0.000000000000e+00	8.733214000000e-03	4.221593750000e-01
2	5	1	9	2.702281000000e-01	2.884353000000e-02	0.000000000000e+00	2.985035000000e-01	0.000000000000e+00	1.301003000000e-02	4.677906250000e-01
2	5	1	11	2.770837000000e-01	3.549928000000e-02	0.000000000000e+00	3.611208000000e-01	0.000000000000e+00	1.774882000000e-02	5.134218750000e-01
2	5	1	13	2.853642000000e-01	4.250670000000e-02	0.000000000000e+00	4.240744000000e-01	0.000000000000e+00	2.326014000000e-02	5.590531250000e-01
2	5	1	15	2.951965000000e-01	4.999503000000e-02	0.000000000000e+00	4.873947000000e-01	0.000000000000e+00	2.996413000000e-02	6.046843750000e-01
2	5	1	17	3.067677000000e-01	5.810635000000e-02	0.000000000000e+00	5.511339000000e-01	0.000000000000e+00	3.839459000000e-02	6.503156250000e-01
2	5	1	19	3.203230000000e-01	6.700853000000e-02	0.000000000000e+00	6.153609000000e-01	0.000000000000e+00	4.924215000000e-02	6.959468750000e-01
2	5	1	21	3.361594000000e-01	7.689516000000e-02	0.000000000000e+00	6.801800000000e-01	0.000000000000e+00	6.339852000000e-02	7.415781250000e-01
2	5	1	23	3.546202000000e-01	8.799104000000e-02	0.000000000000e+00	7.457399000000e-01	0.000000000000e+00	8.198117000000e-02	7.872093750000e-01
2	5	1	25	3.760601000000e-01	1.005006000000e-01	0.000000000000e+00	8.122010000000e-01	0.000000000000e+00	1.062713000000e-01	8.328406250000e-01
2	5	1	27	4.007182000000e-01	1.143911000000e-01	0.000000000000e+00	8.794998000000e-01	0.000000000000e+00	1.374666000000e-01	8.784718750000e-01
2	5	1	29	4.284899000000e-01	1.288070000000e-01	0.000000000000e+00	9.465541000000e-01	0.000000000000e+00	1.762479000000e-01	9.241031250000e-01
2	5	1	31	4.590176000000e-01	1.409820000000e-01	0.000000000000e+00	1.009337000000e+00	0.000000000000e+00	2.229546000000e-01	9.697343750000e-01
2	5	3	1	7.505397000000e-01	2.273137000000e-02	0.000000000000e+00	9.836786000000e-02	0.000000000000e+00	2.787174000000e-03	7.553593750000e-01
2	5	3	3	7.574076000000e-01	4.522489000000e-02	0.000000000000e+00	1.885422000000e-01	0.000000000000e+00	2.224644000000e-02	7.709781250000e-01
2	5	3	5	7.649797000000e-01	6.500291000000e-02	0.000000000000e+00	2.625276000000e-01	0.000000000000e+00	5.037379000000e-02	7.865968750000e-01
2	5	3	7	7.738406000000e-01	8.434255000000e-02	0.000000000000e+00	3.313236000000e-01	0.000000000000e+00	7.929889000000e-02	8.022156250000e-01
2	5	3	9	7.842643000000e-01	1.038397000000e-01	0.000000000000e+00	3.983551000000e-01	0.000000000000e+00	1.070078000000e-01	8.178343750000e-01
2	5	3	11	7.962624000000e-01	1.235699000000e-01	0.000000000000e+00	4.650237000000e-01	0.000000000000e+00	1.333858000000e-01	8.334531250000e-01
2	5	3	13	8.097034000000e-01	1.434863000000e-01	0.000000000000e+00	5.320059000000e-01	0.000000000000e+00	1.587400000000e-01	8.490718750000e-01
2	5	3	15	8.244117000000e-01	1.635150000000e-01	0.000000000000e+00	5.995684000000e-01	0.000000000000e+00	1.833746000000e-01	8.646906250000e-01
2	5	3	17	8.402115000000e-01	1.835503000000e-01	0.000000000000e+00	6.676702000000e-01	0.000000000000e+00	2.074905000000e-01	8.803093750000e-01
2	5	3	19	8.569347000000e-01	2.034267000000e-01	0.000000000000e+00	7.359656000000e-01	0.000000000000e+00	2.311666000000e-01	8.959281250000e-01
2	5	3	21	8.744173000000e-01	2.228647000000e-01	0.000000000000e+00	8.037362000000e-01	0.000000000000e+00	2.543611000000e-01	9.115468750000e-01
2	5	3	23	8.925041000000e-01	2.414481000000e-01	0.000000000000e+00	8.698241000000e-01	0.000000000000e+00	2.769341000000e-01	9.271656250000e-01
2	5	3	25	9.110681000000e-01	2.586050000000e-01	0.000000000000e+00	9.325399000000e-01	0.000000000000e+00	2.986767000000e-01	9.427843750000e-01
2	5	3	27	9.300622000000e-01	2.736142000000e-01	0.000000000000e+00	9.895925000000e-01	0.000000000000e+00	3.193519000000e-01	9.584031250000e-01
2	5	3	29	9.496610000000e-01	2.856497000000e-01	0.000000000000e+00	1.038078000000e+00	0.000000000000e+00	3.387720000000e-01	9.740218750000e-01
2	5	3	31	9.707176000000e-01	2.938000000000e-01	0.000000000000e+00	1.074371000000e+00	0.000000000000e+00	3.570258000000e-01	9.896406250000e-01
3	0	1	0	1.325531000000e-01	4.676520000000e-04	0.000000000000e+00	1.110824000000e-02	0.000000000000e+00	1.929538000000e-06	1.411750000000e-01
3	0	1	1	3.427121000000e-01	1.040089000000e-01	0.000000000000e+00	1.022642000000e+00	0.000000000000e+00	2.016314000000e-01	9.913250000000e-01
3	0	3	0	3.777340000000e-01	1.732767000000e-03	0.000000000000e+00	1.496858000000e-02	0.000000000000e+00	5.126085000000e-06	3.837250000000e-01
3	0	3	1	6.078419000000e-01	1.841098000000e-01	0.000000000000e+00	1.049234000000e+00	0.000000000000e+00	2.894739000000e-01	9.937750000000e-01
3	0	5	0	6.233678000000e-01	4.410541000000e-03	0.000000000000e+00	2.330295000000e-02	0.000000000000e+00	2.212265000000e-05	6.262750000000e-01
3	0	5	1	8.696850000000e-01	2.624299000000e-01	0.000000000000e+00	1.075103000000e+00	0.000000000000e+00	3.468870000000e-01	9.962250000000e-01
3	0	7	0	8.712073000000e-01	1.398499000000e-02	0.000000000000e+00	5.322302000000e-02	0.000000000000e+00	4.579770000000e-04	8.688250000000e-01
3	0	7	1	1.064798000000e+00	3.199942000000e-01	0.000000000000e+00	1.094573000000e+00	0.000000000000e+00	3.790033000000e-01	9.986750000000e-01
3	1	1	1	1.713931000000e-01	2.894068000000e-02	0.000000000000e+00	5.074905000000e-01	0.000000000000e+00	9.171587000000e-03	5.662500000000e-01
3	1	3	1	4.293934000000e-01	8.041946000000e-02	0.000000000000e+00	5.364891000000e-01	0.000000000000e+00	6.485910000000e-02	6.887500000000e-01
3	1	5	1	6.953928000000e-01	1.402512000000e-01	0.000000000000e+00	5.929826000000e-01	0.000000000000e+00	1.439331000000e-01	8.112500000000e-01
3	1	7	1	9.629622000000e-01	2.049807000000e-01	0.000000000000e+00	6.818114000000e-01	0.000000000000e+00	2.545085000000e-01	9.337500000000e-01
3	2	1	1	1.430080000000e-01	1.305148000000e-02	0.000000000000e+00	2.588327000000e-01	0.000000000000e+00	3.106644000000e-03	3.537125000000e-01
3	2	1	3	2.265669000000e-01	5.524861000000e-02	0.000000000000e+00	7.610613000000e-01	0.000000000000e+00	3.592447000000e-02	7.787875000000e-01
3	2	3	1	3.925533000000e-01	3.895116000000e-02	0.000000000000e+00	2.810392000000e-01	0.000000000000e+00	2.038393000000e-02	5.362375000000e-01
3	2	3	3	4.984506000000e-01	1.335089000000e-01	0.000000000000e+00	8.028131000000e-01	0.000000000000e+00	1.461697000000e-01	8.412625000000e-01
3	2	5	1	6.476888000000e-01	7.181536000000e-02	0.000000000000e+00	3.279357000000e-01	0.000000000000e+00	5.584220000000e-02	7.187625000000e-01
3	2	5	3	7.699780000000e-01	2.132231000000e-01	0.000000000000e+00	8.655912000000e-01	0.000000000000e+00	2.428310000000e-01	9.037375000000e-01
3	2	7	1	9.132071000000e-01	1.216451000000e-01	0.000000000000e+00	4.142389000000e-01	0.000000000000e+00	1.558954000000e-01	9.012875000000e-01
3	2	7	3	1.015112000000e+00	2.800575000000e-01	0.000000000000e+00	9.397581000000e-01	0.000000000000e+00	3.292247000000e-01	9.662125000000e-01
3	3	1	1	1.355327000000e-01	6.670110000000e-03	0.000000000000e+00	1.355327000000e-01	0.000000000000e+00	1.330145000000e-03	2.474437500000e-01
3	3	1	3	1.548155000000e-01	2.022220000000e-02	0.000000000000e+00	3.827562000000e-01	0.000000000000e+00	5.305905000000e-03	4.599812500000e-01
3	3	1	5	1.942751000000e-01	4.012117000000e-02	0.000000000000e+00	6.333799000000e-01	0.000000000000e+00	1.713665000000e-02	6.725187500000e-01
3	3	1	7	2.741277000000e-01	7.706342000000e-02	0.000000000000e+00	8.918074000000e-01	0.000000000000e+00	8.510757000000e-02	8.850562500000e-01
3	3	3	1	3.827562000000e-01	2.022220000000e-02	0.000000000000e+00	1.548155000000e-01	0.000000000000e+00	5.305905000000e-03	4.599812500000e-01
3	3	3	3	4.077277000000e-01	5.875807000000e-02	0.000000000000e+00	4.077277000000e-01	0.000000000000e+00	3.996456000000e-02	6.124937500000e-01
3	3	3	5	4.591653000000e-01	1.050470000000e-01	0.000000000000e+00	6.680144000000e-01	0.000000000000e+00	9.883532000000e-02	7.650062500000e-01
3	3	3	7	5.474932000000e-01	1.637892000000e-01	0.000000000000e+00	9.373466000000e-01	0.000000000000e+00	2.091715000000e-01	9.175187500000e-01
3	3	5	1	6.333799000000e-01	4.012117000000e-02	0.000000000000e+00	1.942751000000e-01	0.000000000000e+00	1.713665000000e-02	6.725187500000e-01
3	3	5	3	6.680144000000e-01	1.050470000000e-01	0.000000000000e+00	4.591653000000e-01	0.000000000000e+00	9.883532000000e-02	7.650062500000e-01
3	3	5	5	7.296836000000e-01	1.769017000000e-01	0.000000000000e+00	7.296836000000e-01	0.000000000000e+00	1.919969000000e-01	8.574937500000e-01
3	3	5	7	8.153521000000e-01	2.445916000000e-01	0.000000000000e+00	9.891918000000e-01	0.000000000000e+00	2.945144000000e-01	9.499812500000e-01
3	3	7	1	8.918074000000e-01	7.706342000000e-02	0.000000000000e+00	2.741277000000e-01	0.000000000000e+00	8.510757000000e-02	8.850562500000e-01
3	3	7	3	9.373466000000e-01	1.637892000000e-01	0.000000000000e+00	5.474932000000e-01	0.000000000000e+00	2.091715000000e-01	9.175187500000e-01
3	3	7	5	9.891918000000e-01	2.445916000000e-01	0.000000000000e+00	8.153521000000e-01	0.000000000000e+00	2.945144000000e-01	9.499812500000e-01
3	3	7	7	1.039813000000e+00	3.069268000000e-01	0.000000000000e+00	1.039813000000e+00	0.000000000000e+00	3.576450000000e-01	9.824437500000e-01
3	4	1	1	1.334797000000e-01	3.527076000000e-03	0.000000000000e+00	7.400040000000e-02	0.000000000000e+00	3.880406000000e-04	1.943093750000e-01
3	4	1	3	1.387216000000e-01	9.812752000000e-03	0.000000000000e+00	1.971121000000e-01	0.000000000000e+00	2.236784000000e-03	3.005781250000e-01
3	4	1	5	1.483652000000e-01	1.649044000000e-02	0.000000000000e+00	3.207081000000e-01	0.000000000000e+00	4.084406000000e-03	4.068468750000e-01
3	4	1	7	1.624403000000e-01	2.433802000000e-02	0.000000000000e+00	4.450043000000e-01	0.000000000000e+00	6.927561000000e-03	5.131156250000e-01
3	4	1	9	1.818943000000e-01	3.414735000000e-02	0.000000000000e+00	5.702579000000e-01	0.000000000000e+00	1.238219000000e-02	6.193843750000e-01
3	4	1	11	2.089678000000e-01	4.706332000000e-02	0.000000000000e+00	6.969409000000e-01	0.000000000000e+00	2.441467000000e-02	7.256531250000e-01
3	4	1	13	2.479043000000e-01	6.506534000000e-02	0.000000000000e+00	8.259194000000e-01	0.000000000000e+00	5.460710000000e-02	8.319218750000e-01
3	4	1	15	3.062016000000e-01	9.145564000000e-02	0.000000000000e+00	9.588162000000e-01	0.000000000000e+00	1.328777000000e-01	9.381906250000e-01
3	4	3	1	3.796816000000e-01	1.112030000000e-02	0.000000000000e+00	8.937747000000e-02	0.000000000000e+00	1.124299000000e-03	4.218531250000e-01
3	4	3	3	3.870258000000e-01	2.947847000000e-02	0.000000000000e+00	2.181140000000e-01	0.000000000000e+00	1.208160000000e-02	4.981093750000e-01
3	4	3	5	3.994166000000e-01	4.868379000000e-02	0.000000000000e+00	3.441722000000e-01	0.000000000000e+00	2.967839000000e-02	5.743656250000e-01
3	4	3	7	4.176505000000e-01	6.929004000000e-02	0.000000000000e+00	4.718062000000e-01	0.000000000000e+00	5.154145000000e-02	6.506218750000e-01
3	4	3	9	4.431602000000e-01	9.228517000000e-02	0.000000000000e+00	6.018522000000e-01	0.000000000000e+00	8.043293000000e-02	7.268781250000e-01
3	4	3	11	4.775655000000e-01	1.188012000000e-01	0.000000000000e+00	7.350353000000e-01	0.000000000000e+00	1.206037000000e-01	8.031343750000e-01
3	4	3	13	5.218005000000e-01	1.488154000000e-01	0.000000000000e+00	8.707779000000e-01	0.000000000000e+00	1.757314000000e-01	8.793906250000e-01
3	4	3	15	5.755593000000e-01	1.766256000000e-01	0.000000000000e+00	9.990973000000e-01	0.000000000000e+00	2.463034000000e-01	9.556468750000e-01
3	4	5	1	6.280373000000e-01	2.386696000000e-02	0.000000000000e+00	1.201163000000e-01	0.000000000000e+00	4.181432000000e-03	6.493968750000e-01
3	4	5	3	6.398741000000e-01	5.588167000000e-02	0.000000000000e+00	2.621241000000e-01	0.000000000000e+00	3.539994000000e-02	6.956406250000e-01
3	4	5	5	6.570097000000e-01	8.817757000000e-02	0.000000000000e+00	3.933716000000e-01	0.000000000000e+00	7.710816000000e-02	7.418843750000e-01
3	4	5	7	6.808029000000e-01	1.224174000000e-01	0.000000000000e+00	5.256571000000e-01	0.000000000000e+00	1.210602000000e-01	7.881281250000e-01
3	4	5	9	7.117155000000e-01	1.584556000000e-01	0.000000000000e+00	6.610717000000e-01	0.000000000000e+00	1.675602000000e-01	8.343718750000e-01
3	4	5	11	7.491545000000e-01	1.953092000000e-01	0.000000000000e+00	7.982126000000e-01	0.000000000000e+00	2.171552000000e-01	8.806156250000e-01
3	4	5	13	7.920360000000e-01	2.299601000000e-01	0.000000000000e+00	9.301006000000e-01	0.000000000000e+00	2.687238000000e-01	9.268593750000e-01
3	4	5	15	8.403917000000e-01	2.559522000000e-01	0.000000000000e+00	1.039300000000e+00	0.000000000000e+00	3.200813000000e-01	9.731031250000e-01
3	4	7	1	8.824364000000e-01	5.190556000000e-02	0.000000000000e+00	1.904880000000e-01	0.000000000000e+00	3.725165000000e-02	8.769406250000e-01
3	4	7	3	9.020513000000e-01	9.985945000000e-02	0.000000000000e+00	3.462479000000e-01	0.000000000000e+00	1.238039000000e-01	8.931718750000e-01
3	4	7	5	9.250327000000e-01	1.428741000000e-01	0.000000000000e+00	4.809041000000e-01	0.000000000000e+00	1.838737000000e-01	9.094031250000e-01
3	4	7	7	9.500229000000e-01	1.844956000000e-01	0.000000000000e+00	6.144722000000e-01	0.000000000000e+00	2.325765000000e-01	9.256343750000e-01
3	4	7	9	9.760510000000e-01	2.250921000000e-01	0.000000000000e+00	7.490360000000e-01	0.000000000000e+00	2.751347000000e-01	9.418656250000e-01
3	4	7	11	1.002256000000e+00	2.630842000000e-01	0.000000000000e+00	8.794911000000e-01	0.000000000000e+00	3.125830000000e-01	9.580968750000e-01
3	4	7	13	1.027646000000e+00	2.948957000000e-01	0.000000000000e+00	9.940270000000e-01	0.000000000000e+00	3.442950000000e-01	9.743281250000e-01
3	4	7	15	1.051781000000e+00	3.154955000000e-01	0.000000000000e+00	1.074388000000e+00	0.000000000000e+00	3.691553000000e-01	9.905593750000e-01
4	1	1	1	1.021126000000e-01	1.650822000000e-02	0.000000000000e+00	5.034663000000e-01	0.000000000000e+00	2.030052000000e-03	5.356250000000e-01
4	1	3	1	2.366400000000e-01	4.133110000000e-02	0.000000000000e+00	5.127129000000e-01	0.000000000000e+00	2.038474000000e-02	5.968750000000e-01
4	1	5	1	3.648451000000e-01	6.696433000000e-02	0.000000000000e+00	5.270833000000e-01	0.000000000000e+00	4.883836000000e-02	6.581250000000e-01
4	1	7	1	4.946307000000e-01	9.441464000000e-02	0.000000000000e+00	5.476294000000e-01	0.000000000000e+00	8.210510000000e-02	7.193750000000e-01
4	1	9	1	6.276132000000e-01	1.242989000000e-01	0.000000000000e+00	5.757822000000e-01	0.000000000000e+00	1.213720000000e-01	7.806250000000e-01
4	1	11	1	7.637885000000e-01	1.567704000000e-01	0.000000000000e+00	6.122735000000e-01	0.000000000000e+00	1.686541000000e-01	8.418750000000e-01
4	1	13	1	8.993381000000e-01	1.899597000000e-01	0.000000000000e+00	6.567728000000e-01	0.000000000000e+00	2.242319000000e-01	9.031250000000e-01
4	1	15	1	1.019368000000e+00	2.170984000000e-01	0.000000000000e+00	7.090303000000e-01	0.000000000000e+00	2.861521000000e-01	9.643750000000e-01
4	2	1	1	8.021403000000e-02	6.957700000000e-03	0.000000000000e+00	2.564043000000e-01	0.000000000000e+00	6.745109000000e-04	3.080812500000e-01
4	2	1	3	1.469424000000e-01	3.462440000000e-02	0.000000000000e+00	7.539528000000e-01	0.000000000000e+00	1.060271000000e-02	7.631687500000e-01
4	2	3	1	2.051122000000e-01	1.927131000000e-02	0.000000000000e+00	2.624455000000e-01	0.000000000000e+00	6.723559000000e-03	3.993437500000e-01
4	2	3	3	2.972858000000e-01	7.467079000000e-02	0.000000000000e+00	7.692253000000e-01	0.000000000000e+00	6.493856000000e-02	7.944062500000e-01
4	2	5	1	3.297718000000e-01	3.213506000000e-02	0.000000000000e+00	2.734835000000e-01	0.000000000000e+00	1.530527000000e-02	4.906062500000e-01
4	2	5	3	4.316805000000e-01	1.136775000000e-01	0.000000000000e+00	7.900728000000e-01	0.000000000000e+00	1.203461000000e-01	8.256437500000e-01
4	2	7	1	4.556857000000e-01	4.618211000000e-02	0.000000000000e+00	2.900761000000e-01	0.000000000000e+00	2.643268000000e-02	5.818687500000e-01
4	2	7	3	5.657097000000e-01	1.534918000000e-01	0.000000000000e+00	8.169102000000e-01	0.000000000000e+00	1.711316000000e-01	8.568812500000e-01
4	2	9	1	5.831803000000e-01	6.244729000000e-02	0.000000000000e+00	3.132799000000e-01	0.000000000000e+00	4.346567000000e-02	6.731312500000e-01
4	2	9	3	7.018289000000e-01	1.935229000000e-01	0.000000000000e+00	8.484679000000e-01	0.000000000000e+00	2.193834000000e-01	8.881187500000e-01
4	2	11	1	7.128578000000e-01	8.227762000000e-02	0.000000000000e+00	3.450394000000e-01	0.000000000000e+00	7.205900000000e-02	7.643937500000e-01
4	2	11	3	8.370839000000e-01	2.322956000000e-01	0.000000000000e+00	8.833945000000e-01	0.000000000000e+00	2.657376000000e-01	9.193562500000e-01
4	2	13	1	8.457723000000e-01	1.072968000000e-01	0.000000000000e+00	3.879821000000e-01	0.000000000000e+00	1.209451000000e-01	8.556562500000e-01
4	2	13	3	9.619399000000e-01	2.664276000000e-01	0.000000000000e+00	9.205079000000e-01	0.000000000000e+00	3.091614000000e-01	9.505937500000e-01
4	2	15	1	9.789316000000e-01	1.354598000000e-01	0.000000000000e+00	4.434032000000e-01	0.000000000000e+00	1.985280000000e-01	9.469187500000e-01
4	2	15	3	1.058018000000e+00	2.902733000000e-01	0.000000000000e+00	9.598902000000e-01	0.000000000000e+00	3.480073000000e-01	9.818312500000e-01
4	3	1	1	7.400040000000e-02	3.527076000000e-03	0.000000000000e+00	1.334797000000e-01	0.000000000000e+00	3.880406000000e-04	1.943093750000e-01
4	3	1	3	8.937747000000e-02	1.112030000000e-02	0.000000000000e+00	3.796816000000e-01	0.000000000000e+00	1.124299000000e-03	4.218531250000e-01
4	3	1	5	1.201163000000e-01	2.386696000000e-02	0.000000000000e+00	6.280373000000e-01	0.000000000000e+00	4.181432000000e-03	6.493968750000e-01
4	3	1	7	1.904880000000e-01	5.190556000000e-02	0.000000000000e+00	8.824364000000e-01	0.000000000000e+00	3.725165000000e-02	8.769406250000e-01
4	3	3	1	1.971121000000e-01	9.812752000000e-03	0.000000000000e+00	1.387216000000e-01	0.000000000000e+00	2.236784000000e-03	3.005781250000e-01
4	3	3	3	2.181140000000e-01	2.947847000000e-02	0.000000000000e+00	3.870258000000e-01	0.000000000000e+00	1.208160000000e-02	4.981093750000e-01
4	3	3	5	2.621241000000e-01	5.588167000000e-02	0.000000000000e+00	6.398741000000e-01	0.000000000000e+00	3.539994000000e-02	6.956406250000e-01
4	3	3	7	3.462479000000e-01	9.985945000000e-02	0.000000000000e+00	9.020513000000e-01	0.000000000000e+00	1.238039000000e-01	8.931718750000e-01
4	3	5	1	3.207081000000e-01	1.649044000000e-02	0.000000000000e+00	1.483652000000e-01	0.000000000000e+00	4.084406000000e-03	4.068468750000e-01
4	3	5	3	3.441722000000e-01	4.868379000000e-02	0.000000000000e+00	3.994166000000e-01	0.000000000000e+00	2.967839000000e-02	5.743656250000e-01
4	3	5	5	3.933716000000e-01	8.817757000000e-02	0.000000000000e+00	6.570097000000e-01	0.000000000000e+00	7.710816000000e-02	7.418843750000e-01
4	3	5	7	4.809041000000e-01	1.428741000000e-01	0.000000000000e+00	9.250327000000e-01	0.000000000000e+00	1.838737000000e-01	9.094031250000e-01
4	3	7	1	4.450043000000e-01	2.433802000000e-02	0.000000000000e+00	1.624403000000e-01	0.000000000000e+00	6.927561000000e-03	5.131156250000e-01
4	3	7	3	4.718062000000e-01	6.929004000000e-02	0.000000000000e+00	4.176505000000e-01	0.000000000000e+00	5.154145000000e-02	6.506218750000e-01
4	3	7	5	5.256571000000e-01	1.224174000000e-01	0.000000000000e+00	6.808029000000e-01	0.000000000000e+00	1.210602000000e-01	7.881281250000e-01
4	3	7	7	6.144722000000e-01	1.844956000000e-01	0.000000000000e+00	9.500229000000e-01	0.000000000000e+00	2.325765000000e-01	9.256343750000e-01
4	3	9	1	5.702579000000e-01	3.414735000000e-02	0.000000000000e+00	1.818943000000e-01	0.000000000000e+00	1.238219000000e-02	6.193843750000e-01
4	3	9	3	6.018522000000e-01	9.228517000000e-02	0.000000000000e+00	4.431602000000e-01	0.000000000000e+00	8.043293000000e-02	7.268781250000e-01
4	3	9	5	6.610717000000e-01	1.584556000000e-01	0.000000000000e+00	7.117155000000e-01	0.000000000000e+00	1.675602000000e-01	8.343718750000e-01
4	3	9	7	7.490360000000e-01	2.250921000000e-01	0.000000000000e+00	9.760510000000e-01	0.000000000000e+00	2.751347000000e-01	9.418656250000e-01
4	3	11	1	6.969409000000e-01	4.706332000000e-02	0.000000000000e+00	2.089678000000e-01	0.000000000000e+00	2.441467000000e-02	7.256531250000e-01
4	3	11	3	7.350353000000e-01	1.188012000000e-01	0.000000000000e+00	4.775655000000e-01	0.000000000000e+00	1.206037000000e-01	8.031343750000e-01
4	3	11	5	7.982126000000e-01	1.953092000000e-01	0.000000000000e+00	7.491545000000e-01	0.000000000000e+00	2.171552000000e-01	8.806156250000e-01
4	3	11	7	8.794911000000e-01	2.630842000000e-01	0.000000000000e+00	1.002256000000e+00	0.000000000000e+00	3.125830000000e-01	9.580968750000e-01
4	3	13	1	8.259194000000e-01	6.506534000000e-02	0.000000000000e+00	2.479043000000e-01	0.000000000000e+00	5.460710000000e-02	8.319218750000e-01
4	3	13	3	8.707779000000e-01	1.488154000000e-01	0.000000000000e+00	5.218005000000e-01	0.000000000000e+00	1.757314000000e-01	8.793906250000e-01
4	3	13	5	9.301006000000e-01	2.299601000000e-01	0.000000000000e+00	7.920360000000e-01	0.000000000000e+00	2.687238000000e-01	9.268593750000e-01
4	3	13	7	9.940270000000e-01	2.948957000000e-01	0.000000000000e+00	1.027646000000e+00	0.000000000000e+00	3.442950000000e-01	9.743281250000e-01
4	3	15	1	9.588162000000e-01	9.145564000000e-02	0.000000000000e+00	3.062016000000e-01	0.000000000000e+00	1.328777000000e-01	9.381906250000e-01
4	3	15	3	9.990973000000e-01	1.766256000000e-01	0.000000000000e+00	5.755593000000e-01	0.000000000000e+00	2.463034000000e-01	9.556468750000e-01
4	3	15	5	1.039300000000e+00	2.559522000000e-01	0.000000000000e+00	8.403917000000e-01	0.000000000000e+00	3.200813000000e-01	9.731031250000e-01
4	3	15	7	1.074388000000e+00	3.154955000000e-01	0.000000000000e+00	1.051781000000e+00	0.000000000000e+00	3.691553000000e-01	9.905593750000e-01
5	1	1	1	6.354846000000e-02	1.000454000000e-02	0.000000000000e+00	5.018636000000e-01	0.000000000000e+00	4.509307000000e-04	5.203125000000e-01
5	1	3	1	1.375763000000e-01	2.276186000000e-02	0.000000000000e+00	5.053325000000e-01	0.000000000000e+00	4.970473000000e-03	5.509375000000e-01
5	1	5	1	2.042712000000e-01	3.511557000000e-02	0.000000000000e+00	5.099463000000e-01	0.000000000000e+00	1.439166000000e-02	5.815625000000e-01
5	1	7	1	2.687466000000e-01	4.760918000000e-02	0.000000000000e+00	5.157981000000e-01	0.000000000000e+00	2.694481000000e-02	6.121875000000e-01
5	1	9	1	3.327650000000e-01	6.041384000000e-02	0.000000000000e+00	5.229677000000e-01	0.000000000000e+00	4.124025000000e-02	6.428125000000e-01
5	1	11	1	3.970441000000e-01	7.362939000000e-02	0.000000000000e+00	5.315821000000e-01	0.000000000000e+00	5.670843000000e-02	6.734375000000e-01
5	1	13	1	4.619174000000e-01	8.734490000000e-02	0.000000000000e+00	5.418303000000e-01	0.000000000000e+00	7.331418000000e-02	7.040625000000e-01
5	1	15	1	5.275492000000e-01	1.016382000000e-01	0.000000000000e+00	5.539083000000e-01	0.000000000000e+00	9.126926000000e-02	7.346875000000e-01
5	1	17	1	5.940368000000e-01	1.165744000000e-01	0.000000000000e+00	5.679727000000e-01	0.000000000000e+00	1.108671000000e-01	7.653125000000e-01
5	1	19	1	6.614053000000e-01	1.321939000000e-01	0.000000000000e+00	5.841187000000e-01	0.000000000000e+00	1.323871000000e-01	7.959375000000e-01
5	1	21	1	7.295390000000e-01	1.484531000000e-01	0.000000000000e+00	6.023699000000e-01	0.000000000000e+00	1.560212000000e-01	8.265625000000e-01
5	1	23	1	7.980474000000e-01	1.651562000000e-01	0.000000000000e+00	6.226799000000e-01	0.000000000000e+00	1.818194000000e-01	8.571875000000e-01
5	1	25	1	8.660361000000e-01	1.818524000000e-01	0.000000000000e+00	6.449449000000e-01	0.000000000000e+00	2.096485000000e-01	8.878125000000e-01
5	1	27	1	9.317835000000e-01	1.977268000000e-01	0.000000000000e+00	6.690570000000e-01	0.000000000000e+00	2.391999000000e-01	9.184375000000e-01
5	1	29	1	9.923695000000e-01	2.115198000000e-01	0.000000000000e+00	6.950943000000e-01	0.000000000000e+00	2.701440000000e-01	9.490625000000e-01
5	1	31	1	1.043133000000e+00	2.214123000000e-01	0.000000000000e+00	7.239281000000e-01	0.000000000000e+00	3.027792000000e-01	9.796875000000e-01
5	2	1	1	4.768793000000e-02	3.976876000000e-03	0.000000000000e+00	2.556203000000e-01	0.000000000000e+00	1.445255000000e-04	2.852656250000e-01
5	2	1	3	9.836786000000e-02	2.273137000000e-02	0.000000000000e+00	7.505397000000e-01	0.000000000000e+00	2.787174000000e-03	7.553593750000e-01
5	2	3	1	1.118000000000e-01	9.983764000000e-03	0.000000000000e+00	2.574723000000e-01	0.000000000000e+00	1.681553000000e-03	3.308968750000e-01
5	2	3	3	1.885422000000e-01	4.522489000000e-02	0.000000000000e+00	7.574076000000e-01	0.000000000000e+00	2.224644000000e-02	7.709781250000e-01
5	2	5	1	1.740709000000e-01	1.614801000000e-02	0.000000000000e+00	2.604868000000e-01	0.000000000000e+00	4.824697000000e-03	3.765281250000e-01
5	2	5	3	2.625276000000e-01	6.500291000000e-02	0.000000000000e+00	7.649797000000e-01	0.000000000000e+00	5.037379000000e-02	7.865968750000e-01
5	2	7	1	2.361814000000e-01	2.242295000000e-02	0.000000000000e+00	2.647166000000e-01	0.000000000000e+00	8.733214000000e-03	4.221593750000e-01
5	2	7	3	3.313236000000e-01	8.434255000000e-02	0.000000000000e+00	7.738406000000e-01	0.000000000000e+00	7.929889000000e-02	8.022156250000e-01
5	2	9	1	2.985035000000e-01	2.884353000000e-02	0.000000000000e+00	2.702281000000e-01	0.000000000000e+00	1.301003000000e-02	4.677906250000e-01
5	2	9	3	3.983551000000e-01	1.038397000000e-01	0.000000000000e+00	7.842643000000e-01	0.000000000000e+00	1.070078000000e-01	8.178343750000e-01
5	2	11	1	3.611208000000e-01	3.549928000000e-02	0.000000000000e+00	2.770837000000e-01	0.000000000000e+00	1.774882000000e-02	5.134218750000e-01
5	2	11	3	4.650237000000e-01	1.235699000000e-01	0.000000000000e+00	7.962624000000e-01	0.000000000000e+00	1.333858000000e-01	8.334531250000e-01
5	2	13	1	4.240744000000e-01	4.250670000000e-02	0.000000000000e+00	2.853642000000e-01	0.000000000000e+00	2.326014000000e-02	5.590531250000e-01
5	2	13	3	5.320059000000e-01	1.434863000000e-01	0.000000000000e+00	8.097034000000e-01	0.000000000000e+00	1.587400000000e-01	8.490718750000e-01
5	2	15	1	4.873947000000e-01	4.999503000000e-02	0.000000000000e+00	2.951965000000e-01	0.000000000000e+00	2.996413000000e-02	6.046843750000e-01
5	2	15	3	5.995684000000e-01	1.635150000000e-01	0.000000000000e+00	8.244117000000e-01	0.000000000000e+00	1.833746000000e-01	8.646906250000e-01
5	2	17	1	5.511339000000e-01	5.810635000000e-02	0.000000000000e+00	3.067677000000e-01	0.000000000000e+00	3.839459000000e-02	6.503156250000e-01
5	2	17	3	6.676702000000e-01	1.835503000000e-01	0.000000000000e+00	8.402115000000e-01	0.000000000000e+00	2.074905000000e-01	8.803093750000e-01
5	2	19	1	6.153609000000e-01	6.700853000000e-02	0.000000000000e+00	3.203230000000e-01	0.000000000000e+00	4.924215000000e-02	6.959468750000e-01
5	2	19	3	7.359656000000e-01	2.034267000000e-01	0.000000000000e+00	8.569347000000e-01	0.000000000000e+00	2.311666000000e-01	8.959281250000e-01
5	2	21	1	6.801800000000e-01	7.689516000000e-02	0.000000000000e+00	3.361594000000e-01	0.000000000000e+00	6.339852000000e-02	7.415781250000e-01
5	2	21	3	8.037362000000e-01	2.228647000000e-01	0.000000000000e+00	8.744173000000e-01	0.000000000000e+00	2.543611000000e-01	9.115468750000e-01
5	2	23	1	7.457399000000e-01	8.799104000000e-02	0.000000000000e+00	3.546202000000e-01	0.000000000000e+00	8.198117000000e-02	7.872093750000e-01
5	2	23	3	8.698241000000e-01	2.414481000000e-01	0.000000000000e+00	8.925041000000e-01	0.000000000000e+00	2.769341000000e-01	9.271656250000e-01
5	2	25	1	8.122010000000e-01	1.005006000000e-01	0.000000000000e+00	3.760601000000e-01	0.000000000000e+00	1.062713000000e-01	8.328406250000e-01
5	2	25	3	9.325399000000e-01	2.586050000000e-01	0.000000000000e+00	9.110681000000e-01	0.000000000000e+00	2.986767000000e-01	9.427843750000e-01
5	2	27	1	8.794998000000e-01	1.143911000000e-01	0.000000000000e+00	4.007182000000e-01	0.000000000000e+00	1.374666000000e-01	8.784718750000e-01
5	2	27	3	9.895925000000e-01	2.736142000000e-01	0.000000000000e+00	9.300622000000e-01	0.000000000000e+00	3.193519000000e-01	9.584031250000e-01
5	2	29	1	9.465541000000e-01	1.288070000000e-01	0.000000000000e+00	4.284899000000e-01	0.000000000000e+00	1.762479000000e-01	9.241031250000e-01
5	2	29	3	1.038078000000e+00	2.856497000000e-01	0.000000000000e+00	9.496610000000e-01	0.000000000000e+00	3.387720000000e-01	9.740218750000e-01
5	2	31	1	1.009337000000e+00	1.409820000000e-01	0.000000000000e+00	4.590176000000e-01	0.000000000000e+00	2.229546000000e-01	9.697343750000e-01
5	2	31	3	1.074371000000e+00	2.938000000000e-01	0.000000000000e+00	9.707176000000e-01	0.000000000000e+00	3.570258000000e-01	9.896406250000e-01
6	1	1	1	4.216553000000e-02	6.539687000000e-03	0.000000000000e+00	5.011442000000e-01	0.000000000000e+00	1.213346000000e-04	5.126562500000e-01
6	1	3	1	8.336010000000e-02	1.330530000000e-02	0.000000000000e+00	5.026345000000e-01	0.000000000000e+00	1.073935000000e-03	5.279687500000e-01
6	1	5	1	1.201166000000e-01	1.965220000000e-02	0.000000000000e+00	5.043645000000e-01	0.000000000000e+00	3.331469000000e-03	5.432812500000e-01
6	1	7	1	1.546423000000e-01	2.585689000000e-02	0.000000000000e+00	5.063763000000e-01	0.000000000000e+00	6.928491000000e-03	5.585937500000e-01
6	1	9	1	1.879170000000e-01	3.202503000000e-02	0.000000000000e+00	5.086801000000e-01	0.000000000000e+00	1.167011000000e-02	5.739062500000e-01
6	1	11	1	2.205021000000e-01	3.821683000000e-02	0.000000000000e+00	5.112903000000e-01	0.000000000000e+00	1.730599000000e-02	5.892187500000e-01
6	1	13	1	2.527142000000e-01	4.446122000000e-02	0.000000000000e+00	5.142151000000e-01	0.000000000000e+00	2.360438000000e-02	6.045312500000e-01
6	1	15	1	2.847567000000e-01	5.077715000000e-02	0.000000000000e+00	5.174634000000e-01	0.000000000000e+00	3.039021000000e-02	6.198437500000e-01
6	1	17	1	3.167534000000e-01	5.717754000000e-02	0.000000000000e+00	5.210459000000e-01	0.000000000000e+00	3.754570000000e-02	6.351562500000e-01
6	1	19	1	3.487928000000e-01	6.367549000000e-02	0.000000000000e+00	5.249791000000e-01	0.000000000000e+00	4.500514000000e-02	6.504687500000e-01
6	1	21	1	3.809271000000e-01	7.028178000000e-02	0.000000000000e+00	5.292832000000e-01	0.000000000000e+00	5.273918000000e-02	6.657812500000e-01
6	1	23	1	4.131989000000e-01	7.700826000000e-02	0.000000000000e+00	5.339830000000e-01	0.000000000000e+00	6.074761000000e-02	6.810937500000e-01
6	1	25	1	4.456314000000e-01	8.386446000000e-02	0.000000000000e+00	5.391037000000e-01	0.000000000000e+00	6.904648000000e-02	6.964062500000e-01
6	1	27	1	4.782492000000e-01	9.086110000000e-02	0.000000000000e+00	5.446711000000e-01	0.000000000000e+00	7.766535000000e-02	7.117187500000e-01
6	1	29	1	5.110636000000e-01	9.800665000000e-02	0.000000000000e+00	5.507076000000e-01	0.000000000000e+00	8.663814000000e-02	7.270312500000e-01
6	1	31	1	5.440909000000e-01	1.053107000000e-01	0.000000000000e+00	5.572339000000e-01	0.000000000000e+00	9.600387000000e-02	7.423437500000e-01
6	1	33	1	5.773295000000e-01	1.127761000000e-01	0.000000000000e+00	5.642635000000e-01	0.000000000000e+00	1.057966000000e-01	7.576562500000e-01
6	1	35	1	6.107975000000e-01	1.204151000000e-01	0.000000000000e+00	5.718118000000e-01	0.000000000000e+00	1.160574000000e-01	7.729687500000e-01
6	1	37	1	6.444828000000e-01	1.282253000000e-01	0.000000000000e+00	5.798843000000e-01	0.000000000000e+00	1.268142000000e-01	7.882812500000e-01
6	1	39	1	6.783770000000e-01	1.362033000000e-01	0.000000000000e+00	5.884850000000e-01	0.000000000000e+00	1.380930000000e-01	8.035937500000e-01
6	1	41	1	7.124490000000e-01	1.443356000000e-01	0.000000000000e+00	5.976112000000e-01	0.000000000000e+00	1.499090000000e-01	8.189062500000e-01
6	1	43	1	7.466570000000e-01	1.526001000000e-01	0.000000000000e+00	6.072582000000e-01	0.000000000000e+00	1.622705000000e-01	8.342187500000e-01
6	1	45	1	7.809235000000e-01	1.609582000000e-01	0.000000000000e+00	6.174146000000e-01	0.000000000000e+00	1.751713000000e-01	8.495312500000e-01
6	1	47	1	8.151449000000e-01	1.693560000000e-01	0.000000000000e+00	6.280682000000e-01	0.000000000000e+00	1.885963000000e-01	8.648437500000e-01
6	1	49	1	8.491632000000e-01	1.777161000000e-01	0.000000000000e+00	6.392018000000e-01	0.000000000000e+00	2.025149000000e-01	8.801562500000e-01
6	1	51	1	8.827727000000e-01	1.859390000000e-01	0.000000000000e+00	6.508019000000e-01	0.000000000000e+00	2.168892000000e-01	8.954687500000e-01
6	1	53	1	9.156902000000e-01	1.938956000000e-01	0.000000000000e+00	6.628572000000e-01	0.000000000000e+00	2.316704000000e-01	9.107812500000e-01
6	1	55	1	9.475600000000e-01	2.014298000000e-01	0.000000000000e+00	6.753732000000e-01	0.000000000000e+00	2.468135000000e-01	9.260937500000e-01
6	1	57	1	9.779248000000e-01	2.083551000000e-01	0.000000000000e+00	6.883834000000e-01	0.000000000000e+00	2.622864000000e-01	9.414062500000e-01
6	1	59	1	1.006216000000e+00	2.144461000000e-01	0.000000000000e+00	7.019677000000e-01	0.000000000000e+00	2.780937000000e-01	9.567187500000e-01
6	1	61	1	1.031717000000e+00	2.194368000000e-01	0.000000000000e+00	7.163266000000e-01	0.000000000000e+00	2.943565000000e-01	9.720312500000e-01
6	1	63	1	1.053448000000e+00	2.229572000000e-01	0.000000000000e+00	7.319666000000e-01	0.000000000000e+00	3.115757000000e-01	9.873437500000e-01
